## @knitr stat1
1+2

## @knitr stat2
a <- 45+67
a